>BRCA1 l
24 32 24 23 26 24 23 16 32 32 20 10 30 32 32 25 9 13 18 19 28 27 30 29 25 20 15 32 21 25 10 13 12 20 30 29 10 9 16 11 28 27 24 13 19 27 30 9 21 31 14 30 30 15 19 13 23 26 32 12 22 15 21 32 28 29 26 17 21 28 21 25 10 26 24 11 14 12 26 25 24 30 25 13 31 17 22 32 20 16 27 22 26 12 14 13 31 30 30 28 31 12 23 25 27 13 9 26 18 32 18 16 9 17
>IFIT1 l
13 22 15 17 12 11 12 12 24 20 23 28 10 25 27 32 11 26 19 32 27 27 30 29 26 13 17 32 11 18 13 30 31 24 10 20 21 12 24 30 20 27 27 23 21 11 16 27 23 26 17 15 21 26 32 17 21 20 20 17 21 29 23 18 14 15 19 26 19 32 11 29 23 26 24 19 19 29 22 31 30 21 14 18 27 32 22 31 24 29 17 16 27 27 26 30 12 22 17 12 17 15 32 12 28 19 11 9 25 26 14 23 18 26 29 17 28 24 25 10 24 14 29 16 31 13 17 10 29 24 25 12 16 12 25 20 22 15 27 29 22 12 16 20 27 26 18 11 21 16 26 10 18 28 22 22 9 15 31 26 23 30 24 13 27 17 31 26 28 9 32 21 21 16 32 31 13 18 13 21 13 22 11 29 29 28 14 26 17 31 32 20 27 18 15 28 32 20 31 32 16 9 10 31 21 11 30 20 31 25 26 20 22 26 9 27 32
>TRP53 l
21 14 24 29 13 11 16 9 22 26 10 14 15 13 24 13 13 28 25 16 30 10 28 25 24 18 24 23 19 16 29 29 20 25 19 19 30 31 25 19 26 31 14 18 29 13 13 28 24 19 14 9 15 24 18 11 17 25 24 14 25 20 24 31 26 30 30 18 29 31 26 23 23 26 30 18 10 18 18 17 32 25 12 20 22 10 31 28 12 24 14 28 17 28 15 28 17 25 18 32 23 18 29 15 32 13 22 13 12 21 23 13 19 24 9 21 15 19 14 18 10 12 30 19 28 11 30 14 30 16 24 27 31 23 29 32 27 15 27 9 30 29 18 19 25 22 15
>BRCA2 l
32 29 21 32 25 29 22 17 18 16 25 31 20 31 31 25 10 27 20 27 12 20 32 30 29 32 27 27 10 28 14 21 16 19 24 20 28 13 16 12 9 21 28 18 16 17 21 12 20 27 19 32 25 11 16 24 20 30 14 25 21 29 12 15 27 27 14 27 21 9 25 16 19 23 20 18 28 21 18 27 21 21 10 18 14 15 16 23 28 17 28 13 11 12 10 19 22 23 22 24 14 32 25 16 32 26 31 15 15 21 18 22 17 31 22 19 32 29 25 12 15 21 23 27 14 16 20 11 13 15 23 25 10 9 23 27 29 30 24 12 11 12 11 15 32 10 23
>SOX4 l
29 29 30 11 22 15 22 12 17 26 32 28 17 12 24 18 12 27 31 32 19 12 29 24 24 29 17 13 10 32 32 20 13 9 31 12 18 26 26 30 21 28 14 11 21 18 25 21 23 24 15 13 16 14 16 19 10 13 31 19 30 25 15 11 18 19 24 24 20 27 29 23 28 25 29 14 25 32 30 11 26 31 24 25 13 31 28 19 16 31 21 25 17 18 13 28 11 11 24 21 22 24 12 28 19 11 24 29 25 20 12 22 26 29 9 20 28 18 32 25 12 29 15 12 16 28 11 10 26 30 19 12 24 11 22 21 19 26 9 21 10 32 10 21 9 23 29 16 23 22 21 14 23 30 15 28 24 19 12 11 22 31 24 16 22 31 26 31 16 13 29 17 19 18 24 13 21 31 14 13 25 10 21 29 19 16 12 13 14 20 31 9 17 19 32 28 30 17 15 28 16 20 16 17 29 15 28 27 20 28 17 26 15 26 11 15 16
>RASGRP3 l
23 23 32 30 23 30 22 22 32 25 29 28 20 28 20 27 26 30 32 22 27 29 30 30 27 31 28 31 25 26 27 24 23 24 21 25 27 31 22 20 20 30 23 29 21 32 27 22 23 27 20 20 24 27 32 30 31 31 24 25 31 23 26 27 30 26 27 29 25 31 28 31 31 28 22 23 24 26 31 28 20 25 25 24 21 24 31 26 25 31 25 27 29 31 23 21 26 23 25 24 28 27 28 30 29 28 31 30 27 30 29 23 27 32 30 25 20 32 32 29 20 29 22 27 26 28 31 21 20 22 28 25 20 32 27 21 31 23 22 24 20 32 25 26 20 23 25
>ENGASE l
10 19 20 24 20 31 30 11 21 21 31 27 30 17 14 28 17 23 16 31 30 30 22 9 15 31 30 32 11 32 19 25 22 23 19 13 24 21 28 11 32 24 30 20 16 15 13 29 21 14 15 19 26 30 32 22 19 9 32 22 18 28 14 31 21 20 32 27 25 31 26 24 16 9 28 29 10 14 30 23 13 18 20 23 27 22 19 13 24 26 31 12 17 15 22 16 28 23 17 31 22 22 32 17 16 31 18 13 26 26 29 28 10 11 24 32 31 14 16 12 10 23 32 29 20 15 16 15 27 13 17 24 27 17 20 24 19 18 16 12 9 16 31 10 31 16 18 31 28 28 12 29 21 19 24 30 26 24 11 16 17 9 9 32 21 16 21 18 10 32 27 32 25 21 32 18 10 22 22 17 22 30 28 22 28 22 11 23 24 30 31 11 31 32 31 32 26 12 10 27 22 17 12 31 22 18 20 32 14 17 18 26 10 18 25 28 12